alpha_2 = [0.75575057, 0.47106723, 0.47684331, 0.48480469, 0.49775111, 0.50131757, 0.50088461, 0.50071792, 0.50042522, 0.50018923, 0.5001201, 0.50001556]

alpha_16 = [0.9, 0.70949537, 0.59310156, 0.52294002, 0.50455602, 0.49968173, 0.5002698, 0.49980438, 0.5002252, 0.50001239]

alpha_64 = [0.9, 0.81000538, 0.69701159, 0.52352572, 0.50269855, 0.50019509, 0.49998317, 0.50000425]

alpha_128 = [0.9, 0.73682446, 0.59934087, 0.51859653, 0.4949114, 0.5017997, 0.49966292, 0.50014087, 0.49990069, 0.50002461, 0.49999647]


